2007001|22|24|29|31|35|04|11
2007002|15|22|31|34|35|05|12
2007003|03|04|18|23|32|01|06
2007004|06|10|16|17|25|02|04
2007005|01|09|19|20|30|02|11
2007006|01|16|20|23|28|03|06
2007007|14|16|25|26|35|04|09
2007008|02|08|11|21|23|04|07
2007009|01|03|09|19|34|09|12
2007010|06|08|18|29|34|09|11
2007011|29|32|33|34|35|09|10
2007012|03|12|15|29|34|07|11
2007013|12|17|27|29|34|06|09
2007014|01|02|07|29|32|06|07
2007015|02|08|12|13|17|11|12
2007016|01|14|19|24|31|03|12
2007017|13|14|29|32|34|03|12
2007018|03|04|16|23|28|06|09
2007019|03|06|17|22|23|04|06
2007020|02|06|11|12|18|05|12
2007021|02|04|24|29|33|01|02
2007022|08|10|12|23|25|03|10
2007023|08|10|23|32|34|08|10
2007024|06|16|20|25|31|04|09
2007025|22|24|26|27|34|02|10
2007026|05|09|13|33|35|01|08
2007027|02|03|10|19|27|06|10
2007028|20|26|30|34|35|03|10
2007029|15|22|25|29|35|09|11
2007030|11|14|27|33|35|02|07
2007031|03|21|27|31|32|06|08
2007032|01|13|21|23|32|04|11
2007033|01|05|08|14|22|03|12
2007034|06|08|11|13|22|02|11
2007035|07|11|16|31|32|01|12
2007036|15|18|21|27|34|01|02
2007037|01|06|07|17|31|11|12
2007038|06|21|25|27|32|08|09
2007039|10|11|20|21|35|07|11
2007040|05|21|25|28|35|01|04
2007041|03|16|17|22|35|01|08
2007042|07|10|22|31|35|05|06
2007043|04|09|22|24|31|02|06
2007044|04|05|07|12|26|01|10
2007045|09|16|20|26|35|11|12
2007046|04|16|18|23|30|01|10
2007047|01|06|15|19|35|02|09
2007048|08|25|26|29|35|06|08
2007049|09|10|15|17|32|04|06
2007050|13|21|22|30|35|01|11
2007051|03|07|24|28|35|08|11
2007052|01|14|29|32|33|05|10
2007053|11|16|19|21|25|01|10
2007054|04|10|19|29|34|03|06
2007055|10|16|24|31|33|07|10
2007056|04|11|17|20|21|05|09
2007057|14|16|30|32|35|06|07
2007058|08|21|25|28|33|02|06
2007059|04|15|23|31|33|03|09
2007060|12|13|29|30|31|04|07
2007061|02|10|19|28|29|02|09
2007062|01|04|10|14|29|11|12
2007063|10|31|33|34|35|07|12
2007064|02|16|32|33|35|05|10
2007065|19|20|24|29|31|09|10
2007066|04|07|08|19|24|07|12
2007067|11|18|25|30|31|04|09
2007068|04|09|13|14|33|06|10
2007069|02|13|16|21|35|01|05
2007070|07|26|29|30|35|03|04
2007071|10|22|32|33|35|01|07
2007072|21|24|26|27|33|01|05
2007073|04|05|09|12|23|02|11
2007074|16|17|23|24|31|05|10
2007075|05|11|20|30|32|07|11
2007076|02|09|12|15|31|09|10
2007077|04|06|12|13|24|01|04
2007078|09|12|14|22|23|01|02
2007079|06|09|25|26|31|02|08
2007080|01|15|20|25|27|05|10
2007081|06|18|20|22|35|04|09
2007082|03|05|14|33|34|07|08
2007083|01|05|20|21|24|03|04
2007084|05|11|18|29|34|10|11
2007085|17|24|28|29|33|02|05
2007086|14|18|19|26|28|03|09
2007087|08|18|30|31|33|04|09
2007088|17|18|21|23|33|06|10
2007089|08|13|24|30|34|01|12
2007090|04|20|24|31|33|09|12
2007091|07|12|26|31|32|03|08
2007092|06|19|27|28|29|06|10
2007093|06|08|16|25|27|08|12
2008001|01|02|11|34|35|03|10
2008002|01|12|24|31|32|10|12
2008003|01|11|13|32|35|02|07
2008004|09|22|24|31|33|08|09
2008005|18|25|29|31|34|09|10
2008006|10|12|26|29|34|05|07
2008007|03|04|05|12|28|03|12
2008008|02|06|08|17|32|08|09
2008009|04|08|12|24|30|05|08
2008010|06|23|24|27|29|06|08
2008011|14|20|22|24|27|07|10
2008012|02|10|29|32|35|02|03
2008013|01|11|19|22|35|05|09
2008014|04|07|10|28|34|01|06
2008015|09|18|20|27|33|06|09
2008016|08|10|11|17|19|06|09
2008017|02|14|25|29|32|01|06
2008018|03|06|07|11|30|02|03
2008019|08|24|25|29|31|04|05
2008020|04|05|15|17|33|04|08
2008021|05|10|13|21|24|04|09
2008022|09|12|13|25|31|08|10
2008023|06|26|31|32|34|07|10
2008024|08|12|17|20|30|01|02
2008025|06|10|12|15|28|04|12
2008026|01|21|22|24|25|08|10
2008027|05|17|23|31|32|04|08
2008028|03|11|17|19|26|07|12
2008029|06|11|18|29|30|04|11
2008030|03|21|23|26|35|05|08
2008031|14|20|23|27|28|02|04
2008032|03|09|19|27|33|09|10
2008033|03|10|21|23|30|01|09
2008034|06|07|18|34|35|05|10
2008035|02|12|13|29|30|05|07
2008036|09|19|22|30|32|01|10
2008037|11|20|24|31|35|04|10
2008038|12|13|19|32|33|02|10
2008039|07|11|15|27|35|04|07
2008040|04|08|19|22|29|08|11
2008041|07|17|21|22|28|05|10
2008042|05|10|13|32|35|04|05
2008043|05|08|10|31|33|02|04
2008044|02|21|23|27|32|10|11
2008045|14|32|33|34|35|02|04
2008046|11|25|26|27|35|07|08
2008047|12|18|22|23|30|06|12
2008048|01|13|22|25|27|02|10
2008049|01|11|14|28|30|03|10
2008050|01|05|11|26|27|03|07
2008051|01|07|09|11|33|03|11
2008052|03|18|19|30|35|05|09
2008053|01|13|21|23|32|03|06
2008054|05|14|23|31|35|02|06
2008055|02|14|28|30|35|04|12
2008056|15|19|25|30|31|03|09
2008057|05|08|09|17|33|05|06
2008058|03|09|11|29|33|03|12
2008059|07|13|21|25|31|08|10
2008060|03|13|17|23|30|01|11
2008061|07|10|14|19|32|03|06
2008062|01|15|27|28|29|03|10
2008063|07|11|24|30|35|06|08
2008064|14|18|24|27|31|06|07
2008065|19|22|23|25|32|06|12
2008066|02|07|21|22|25|04|12
2008067|03|10|14|15|22|04|07
2008068|06|09|11|33|34|06|10
2008069|05|13|16|29|33|06|08
2008070|09|17|18|21|31|01|05
2008071|01|05|11|14|25|01|09
2008072|10|25|32|33|34|03|09
2008073|02|05|06|07|31|08|10
2008074|10|13|22|31|35|04|12
2008075|01|10|13|30|33|06|07
2008076|03|05|10|27|34|01|12
2008077|01|08|21|33|34|05|07
2008078|08|17|20|28|31|07|11
2008079|20|23|26|32|33|05|12
2008080|06|09|29|31|33|05|11
2008081|07|08|20|22|29|04|07
2008082|15|19|29|33|35|01|02
2008083|06|14|15|30|31|03|10
2008084|02|17|20|22|25|05|11
2008085|03|07|13|15|19|02|10
2008086|01|06|10|22|35|03|07
2008087|14|22|32|33|35|01|05
2008088|07|11|19|27|31|02|03
2008089|08|13|24|32|33|03|09
2008090|04|11|18|33|34|02|06
2008091|09|13|19|22|25|04|10
2008092|03|23|26|32|34|04|09
2008093|06|07|10|24|30|05|08
2008094|07|12|19|27|34|11|12
2008095|03|04|11|21|25|01|07
2008096|06|07|12|25|28|02|12
2008097|01|10|31|33|35|03|10
2008098|07|10|22|27|33|04|08
2008099|03|18|23|25|30|06|10
2008100|12|20|26|29|30|02|06
2008101|10|13|23|31|33|04|11
2008102|05|25|26|29|35|03|10
2008103|02|11|22|30|34|04|09
2008104|07|08|10|24|34|08|11
2008105|12|21|22|26|35|04|05
2008106|03|05|21|28|33|02|06
2008107|01|02|13|15|16|04|09
2008108|11|16|24|29|32|09|11
2008109|01|10|18|28|34|05|08
2008110|05|16|25|27|33|04|09
2008111|02|11|12|14|19|05|09
2008112|04|18|26|32|33|05|08
2008113|11|14|17|19|22|01|08
2008114|02|03|22|27|31|06|07
2008115|07|09|19|21|33|07|10
2008116|06|08|15|24|31|01|03
2008117|13|23|24|25|30|02|08
2008118|06|09|19|25|30|06|12
2008119|01|02|10|19|27|01|11
2008120|21|23|24|25|32|03|04
2008121|11|23|24|32|35|04|10
2008122|03|06|12|20|29|09|12
2008123|01|06|12|28|31|08|09
2008124|02|10|13|29|33|06|10
2008125|01|04|28|33|34|06|11
2008126|09|29|32|34|35|01|08
2008127|08|21|22|31|33|01|07
2008128|12|15|23|24|25|10|11
2008129|13|16|20|25|27|04|05
2008130|03|05|22|29|34|07|12
2008131|08|09|12|21|32|07|11
2008132|06|14|24|27|29|05|09
2008133|10|12|15|33|35|03|09
2008134|11|13|15|28|35|08|10
2008135|07|22|25|29|33|01|12
2008136|03|28|29|32|34|01|06
2008137|01|10|25|32|35|05|09
2008138|04|05|18|22|35|07|08
2008139|01|06|10|14|22|06|08
2008140|02|09|11|29|32|08|09
2008141|09|15|18|30|34|04|05
2008142|06|18|21|30|35|08|09
2008143|01|02|22|29|32|01|04
2008144|10|19|27|28|33|05|12
2008145|05|16|27|29|30|05|11
2008146|09|23|24|26|33|07|12
2008147|16|18|19|24|35|11|12
2008148|03|07|20|33|35|04|07
2008149|02|05|06|27|29|03|04
2008150|01|09|10|15|25|03|08
2008151|07|10|27|31|34|08|09
2008152|03|05|14|20|33|07|11
2008153|02|04|06|25|26|02|05
2008154|05|07|10|29|32|04|06
2009001|01|15|23|27|30|04|10
2009002|01|04|07|12|30|05|10
2009003|16|18|23|30|32|02|11
2009004|01|03|22|32|35|06|10
2009005|10|11|15|31|32|05|08
2009006|02|04|22|31|35|09|12
2009007|06|14|15|29|35|06|11
2009008|04|17|21|29|31|02|12
2009009|12|18|23|26|32|06|09
2009010|02|09|12|21|29|07|11
2009011|02|11|13|14|21|02|04
2009012|02|05|20|25|31|10|12
2009013|05|24|26|30|35|05|12
2009014|08|14|15|25|26|07|09
2009015|01|05|10|16|27|03|04
2009016|10|11|20|26|27|09|11
2009017|05|11|23|26|33|04|12
2009018|01|06|13|28|29|03|09
2009019|04|29|31|32|35|04|10
2009020|05|16|18|32|35|02|11
2009021|01|15|31|32|34|03|08
2009022|12|14|17|34|35|04|11
2009023|15|17|21|27|33|07|11
2009024|29|31|32|33|35|10|11
2009025|03|17|22|23|33|04|10
2009026|24|30|31|32|34|10|12
2009027|03|22|26|33|34|09|10
2009028|06|20|30|32|35|09|11
2009029|03|04|13|17|24|04|11
2009030|01|07|27|30|32|01|04
2009031|07|11|19|21|22|01|11
2009032|04|12|20|26|29|06|10
2009033|02|08|18|21|32|08|11
2009034|05|19|31|32|35|04|09
2009035|03|07|09|28|33|03|08
2009036|02|12|26|31|33|09|10
2009037|17|18|19|25|31|01|11
2009038|06|17|20|29|32|04|05
2009039|01|03|07|10|33|03|04
2009040|03|16|30|32|33|01|10
2009041|05|09|20|23|29|04|10
2009042|11|24|25|26|31|02|07
2009043|05|21|22|32|35|02|05
2009044|01|07|18|29|34|03|09
2009045|01|09|14|24|35|06|09
2009046|01|09|24|34|35|04|09
2009047|13|18|21|24|29|03|06
2009048|05|06|22|25|27|11|12
2009049|05|16|28|29|34|11|12
2009050|05|15|28|32|33|08|09
2009051|03|11|22|26|29|05|12
2009052|23|24|30|34|35|01|03
2009053|05|09|24|31|33|05|06
2009054|02|12|19|29|30|07|12
2009055|05|08|14|23|24|05|06
2009056|04|13|17|32|35|03|06
2009057|06|15|22|27|30|02|09
2009058|08|10|14|27|32|02|07
2009059|02|13|14|29|33|04|11
2009060|18|28|29|30|31|04|08
2009061|02|10|21|26|34|02|10
2009062|04|22|23|29|31|05|11
2009063|05|06|18|21|22|01|07
2009064|06|10|11|17|34|11|12
2009065|01|12|24|27|32|02|11
2009066|01|08|19|24|31|06|12
2009067|03|06|25|28|32|02|05
2009068|02|12|15|20|28|01|12
2009069|14|16|27|30|33|08|12
2009070|10|21|24|30|31|03|10
2009071|04|20|29|30|33|02|11
2009072|23|26|29|32|33|05|10
2009073|01|10|19|21|30|01|04
2009074|15|17|19|23|32|01|11
2009075|01|07|11|32|33|09|11
2009076|03|09|11|18|24|04|05
2009077|07|20|28|32|34|06|08
2009078|11|23|26|31|34|05|11
2009079|01|02|07|13|34|04|10
2009080|07|16|19|29|35|02|11
2009081|02|15|20|25|33|03|06
2009082|05|11|26|29|32|08|11
2009083|02|05|28|34|35|01|07
2009084|05|09|19|26|35|02|10
2009085|06|13|27|33|34|09|12
2009086|01|02|07|26|29|10|12
2009087|10|24|28|30|33|01|10
2009088|13|16|27|32|34|03|09
2009089|03|06|11|19|27|02|07
2009090|18|25|30|33|34|04|10
2009091|01|05|17|32|34|03|07
2009092|10|21|22|27|29|08|12
2009093|07|09|22|30|33|09|11
2009094|01|05|21|23|29|05|12
2009095|08|18|24|30|33|01|06
2009096|07|12|28|32|33|01|03
2009097|06|13|14|22|25|01|04
2009098|11|17|19|25|26|02|10
2009099|03|09|21|23|33|06|10
2009100|16|20|25|29|33|01|08
2009101|02|10|14|22|26|04|09
2009102|11|13|29|32|35|10|12
2009103|16|20|28|32|33|01|02
2009104|15|25|29|32|33|10|11
2009105|01|25|26|34|35|06|11
2009106|11|21|22|25|34|06|09
2009107|11|12|33|34|35|01|10
2009108|01|09|14|29|30|07|10
2009109|02|11|13|26|35|06|10
2009110|22|28|30|31|34|07|09
2009111|04|11|13|19|35|10|12
2009112|02|08|12|34|35|04|05
2009113|03|04|10|18|27|06|08
2009114|02|08|25|29|33|03|07
2009115|01|02|06|08|26|05|12
2009116|12|15|23|30|33|09|12
2009117|07|21|29|31|33|09|10
2009118|10|17|18|21|34|05|11
2009119|03|12|22|23|28|04|12
2009120|11|23|27|28|32|02|05
2009121|04|05|08|11|22|02|10
2009122|01|02|11|31|33|05|06
2009123|10|21|28|29|32|06|10
2009124|01|03|14|32|35|07|11
2009125|08|20|23|29|31|02|11
2009126|14|23|27|28|33|08|12
2009127|05|09|27|32|34|05|08
2009128|06|21|28|32|34|04|07
2009129|02|10|18|32|33|03|08
2009130|09|14|25|32|34|02|08
2009131|02|03|08|33|34|03|11
2009132|02|10|12|15|28|04|07
2009133|01|08|24|27|34|10|11
2009134|02|16|19|28|33|07|11
2009135|06|08|15|20|32|05|06
2009136|07|13|23|24|29|06|10
2009137|12|28|29|30|34|01|09
2009138|03|04|14|28|32|09|10
2009139|14|16|20|22|32|05|09
2009140|07|08|19|26|30|01|12
2009141|13|14|21|30|33|02|08
2009142|05|06|13|24|31|03|11
2009143|01|09|10|11|22|01|12
2009144|18|26|32|33|34|04|06
2009145|05|11|14|22|35|03|10
2009146|11|17|23|24|25|03|06
2009147|06|12|18|22|29|05|08
2009148|02|04|13|14|33|01|09
2009149|01|03|10|12|20|02|07
2009150|04|11|18|25|34|05|07
2009151|03|08|14|30|31|04|09
2009152|01|23|29|30|32|07|12
2009153|21|22|30|32|34|03|07
2010001|02|06|07|12|27|02|08
2010002|04|23|25|26|30|07|10
2010003|05|14|23|27|30|02|08
2010004|03|06|21|24|34|04|06
2010005|04|17|19|22|30|02|03
2010006|03|13|19|30|34|02|05
2010007|07|23|26|29|32|08|11
2010008|11|23|25|31|32|05|11
2010009|02|05|13|27|32|03|11
2010010|15|22|24|32|35|02|09
2010011|02|03|11|27|32|08|11
2010012|20|24|30|31|33|05|12
2010013|18|21|22|26|34|09|12
2010014|18|19|30|33|35|02|04
2010015|03|10|14|18|28|08|10
2010016|10|12|20|23|32|04|10
2010017|13|21|23|27|34|09|12
2010018|03|10|26|32|33|04|12
2010019|03|11|19|26|27|02|09
2010020|08|18|26|32|33|01|06
2010021|11|20|23|24|25|07|09
2010022|02|11|13|14|25|02|05
2010023|11|13|29|32|33|02|08
2010024|03|14|19|24|25|04|11
2010025|09|11|13|14|25|01|07
2010026|05|23|25|31|35|07|10
2010027|05|23|26|32|34|02|09
2010028|01|02|07|20|35|01|03
2010029|21|22|33|34|35|03|04
2010030|10|12|19|32|35|02|07
2010031|05|13|16|17|35|06|08
2010032|13|16|23|24|33|07|11
2010033|12|19|28|29|30|05|08
2010034|01|06|19|25|26|03|09
2010035|14|16|20|31|34|01|07
2010036|19|25|28|31|33|01|08
2010037|19|21|26|34|35|01|09
2010038|08|10|25|29|33|01|02
2010039|07|19|26|28|32|01|08
2010040|13|20|26|31|35|02|11
2010041|16|22|28|29|34|04|12
2010042|01|05|19|34|35|06|07
2010043|05|08|10|33|35|02|10
2010044|06|21|24|28|30|02|07
2010045|08|17|18|20|28|09|10
2010046|02|15|19|26|27|05|06
2010047|04|08|11|30|31|02|08
2010048|02|03|10|12|25|03|09
2010049|01|25|29|31|33|04|10
2010050|07|08|15|30|35|05|10
2010051|06|10|20|24|32|06|10
2010052|04|06|25|29|32|05|06
2010053|09|19|22|26|34|09|11
2010054|12|25|29|30|33|10|11
2010055|13|14|17|27|32|02|10
2010056|05|09|23|25|30|09|12
2010057|15|17|24|32|35|07|09
2010058|06|15|17|19|30|01|12
2010059|06|10|14|25|34|01|03
2010060|10|13|22|33|34|01|05
2010061|05|12|14|17|22|05|07
2010062|06|07|18|30|31|07|08
2010063|07|14|16|30|31|03|06
2010064|07|10|12|20|21|06|09
2010065|05|08|13|14|32|08|11
2010066|15|21|22|24|27|01|06
2010067|01|11|19|30|32|03|10
2010068|11|17|19|20|34|06|10
2010069|06|17|18|25|29|08|09
2010070|05|14|23|25|28|11|12
2010071|07|12|26|30|32|02|07
2010072|05|10|17|23|25|03|10
2010073|04|09|11|30|32|01|11
2010074|03|07|20|27|32|02|12
2010075|10|12|17|23|27|05|07
2010076|09|12|16|19|35|02|12
2010077|06|07|09|17|24|02|12
2010078|02|03|15|28|35|01|11
2010079|01|04|21|22|24|02|05
2010080|08|19|27|29|34|04|10
2010081|14|18|20|24|27|05|10
2010082|05|08|24|29|30|04|06
2010083|07|11|21|22|35|04|07
2010084|03|13|14|22|26|02|05
2010085|02|10|16|18|34|02|03
2010086|01|02|12|19|35|05|07
2010087|01|12|20|21|24|02|08
2010088|03|05|14|30|35|03|06
2010089|04|10|13|18|23|08|10
2010090|08|24|26|31|32|07|09
2010091|06|10|23|26|31|05|07
2010092|02|15|29|30|34|02|12
2010093|02|04|09|28|29|05|08
2010094|20|32|33|34|35|06|07
2010095|12|14|16|19|25|01|06
2010096|04|09|24|30|35|01|10
2010097|09|17|21|28|29|02|08
2010098|02|03|12|13|25|01|07
2010099|03|11|17|21|30|01|08
2010100|19|20|30|33|35|06|08
2010101|11|15|22|27|35|05|08
2010102|04|15|19|24|35|01|10
2010103|10|14|29|30|35|05|08
2010104|14|25|30|32|33|01|11
2010105|05|17|26|27|35|08|09
2010106|05|27|28|29|34|09|12
2010107|14|17|22|27|34|03|05
2010108|01|10|13|19|34|09|12
2010109|01|02|08|11|25|10|12
2010110|21|29|30|33|35|07|11
2010111|03|06|13|14|29|01|02
2010112|14|15|18|34|35|08|10
2010113|05|16|22|23|32|04|10
2010114|03|07|22|25|35|03|11
2010115|05|07|10|15|32|03|08
2010116|14|22|27|28|35|04|10
2010117|04|06|21|27|34|05|09
2010118|19|22|23|29|35|08|10
2010119|05|13|14|23|26|02|03
2010120|08|10|18|34|35|06|10
2010121|21|22|31|32|34|02|12
2010122|05|06|11|13|26|02|07
2010123|18|20|30|32|33|01|11
2010124|01|09|27|29|34|01|06
2010125|01|07|09|14|19|09|12
2010126|03|05|09|13|33|05|11
2010127|03|22|24|30|33|04|10
2010128|06|17|19|29|35|02|08
2010129|14|15|24|25|26|03|07
2010130|05|06|09|10|34|08|11
2010131|10|15|22|28|29|04|12
2010132|18|21|23|25|29|06|11
2010133|11|16|17|21|22|03|06
2010134|09|12|13|19|30|04|05
2010135|14|17|19|26|32|03|04
2010136|03|13|18|30|33|07|08
2010137|22|27|28|33|35|09|11
2010138|08|12|14|19|27|05|06
2010139|03|13|16|19|29|07|09
2010140|06|18|20|30|31|03|06
2010141|05|11|17|23|33|03|10
2010142|10|11|19|21|27|04|06
2010143|10|16|18|22|27|06|08
2010144|02|11|16|22|31|10|11
2010145|18|19|27|28|33|03|06
2010146|14|17|30|31|34|04|10
2010147|01|15|19|21|23|11|12
2010148|03|04|08|10|35|02|06
2010149|05|22|24|25|30|01|06
2010150|05|24|28|29|35|01|09
2010151|01|10|32|33|35|03|08
2010152|02|05|18|22|23|07|12
2010153|06|07|16|24|35|04|06
2011001|07|08|15|32|34|05|12
2011002|11|13|27|28|29|02|06
2011003|01|24|27|30|31|01|06
2011004|07|08|10|23|25|07|09
2011005|01|07|25|27|30|07|12
2011006|02|08|16|26|35|11|12
2011007|14|24|32|33|35|02|09
2011008|01|23|26|27|30|05|06
2011009|09|10|11|14|24|03|08
2011010|04|08|10|14|27|05|07
2011011|02|17|23|24|30|02|09
2011012|03|12|19|25|30|08|11
2011013|05|08|14|28|30|04|06
2011014|02|14|20|21|24|02|09
2011015|08|18|19|22|23|01|03
2011016|15|20|30|33|35|06|09
2011017|16|19|24|26|31|02|04
2011018|16|22|24|32|34|02|10
2011019|08|21|23|27|33|06|11
2011020|09|12|19|22|28|01|05
2011021|01|09|13|17|30|02|08
2011022|09|14|24|25|34|01|04
2011023|05|13|16|18|24|02|12
2011024|12|15|16|20|33|08|12
2011025|08|09|25|28|29|02|10
2011026|01|09|15|20|29|07|09
2011027|05|14|25|34|35|02|05
2011028|01|02|13|17|28|01|04
2011029|03|09|17|24|28|06|12
2011030|15|19|25|30|33|03|08
2011031|12|17|19|22|35|04|11
2011032|07|16|23|31|33|03|10
2011033|03|19|24|29|33|03|09
2011034|03|06|09|17|27|03|09
2011035|03|04|13|15|32|04|09
2011036|03|18|29|30|33|08|09
2011037|01|12|14|22|24|10|12
2011038|07|09|11|13|33|10|12
2011039|01|11|14|22|34|06|08
2011040|03|07|15|18|20|01|06
2011041|04|05|11|13|25|03|06
2011042|06|09|18|30|32|10|12
2011043|02|08|23|33|35|05|10
2011044|11|21|24|26|31|06|07
2011045|13|21|22|29|31|07|11
2011046|09|15|16|19|29|04|06
2011047|02|15|22|33|35|05|08
2011048|13|17|25|27|28|02|03
2011049|05|06|10|22|25|01|09
2011050|04|07|29|32|33|08|10
2011051|06|08|12|17|18|05|10
2011052|13|24|31|32|33|03|09
2011053|03|16|28|31|32|01|09
2011054|05|09|16|26|35|03|10
2011055|01|07|31|32|35|02|10
2011056|03|05|29|30|31|08|10
2011057|07|11|30|31|34|09|12
2011058|01|09|27|32|33|03|06
2011059|09|16|21|29|34|07|10
2011060|03|25|29|32|34|09|10
2011061|06|07|16|18|20|04|10
2011062|06|10|17|20|21|03|07
2011063|10|17|18|26|32|01|05
2011064|01|06|27|30|34|01|06
2011065|03|11|14|25|34|01|04
2011066|06|13|18|20|33|09|10
2011067|10|17|22|24|32|03|10
2011068|01|13|16|18|32|07|09
2011069|03|05|28|29|33|04|12
2011070|09|19|22|29|30|02|08
2011071|27|31|33|34|35|04|06
2011072|03|11|13|20|35|03|08
2011073|13|19|20|22|33|05|11
2011074|07|16|23|28|31|03|06
2011075|06|09|20|23|28|06|10
2011076|18|23|25|29|30|01|02
2011077|05|08|19|33|34|01|12
2011078|04|09|16|27|30|02|06
2011079|01|03|23|30|31|02|10
2011080|05|12|30|31|32|01|03
2011081|04|13|20|21|35|02|09
2011082|07|20|25|30|32|05|09
2011083|06|08|18|20|24|04|08
2011084|14|29|31|34|35|01|12
2011085|02|17|19|21|22|03|10
2011086|04|05|06|09|15|01|06
2011087|06|13|20|25|34|07|09
2011088|20|21|27|29|35|03|08
2011089|05|06|23|27|34|03|04
2011090|02|04|29|30|34|05|08
2011091|11|17|23|29|30|06|08
2011092|10|17|19|32|33|01|12
2011093|04|06|08|19|31|10|11
2011094|11|21|22|32|34|04|08
2011095|09|12|17|19|29|06|11
2011096|03|08|20|24|25|01|02
2011097|04|19|28|31|33|11|12
2011098|06|07|28|33|35|01|10
2011099|02|06|09|12|20|05|08
2011100|08|11|13|28|33|08|09
2011101|05|12|20|28|30|03|07
2011102|19|24|28|31|34|04|12
2011103|03|04|26|29|34|01|03
2011104|07|19|27|28|34|02|05
2011105|02|11|26|32|33|05|12
2011106|01|09|29|30|35|05|09
2011107|02|06|18|30|32|01|08
2011108|07|15|18|24|28|01|07
2011109|01|11|12|22|34|08|10
2011110|30|31|33|34|35|04|07
2011111|02|11|13|23|31|11|12
2011112|06|17|28|32|33|08|12
2011113|04|05|07|10|12|04|05
2011114|06|08|17|27|35|02|11
2011115|17|26|30|31|35|06|11
2011116|10|15|18|19|26|07|12
2011117|10|12|28|32|33|03|05
2011118|04|07|11|32|35|05|07
2011119|04|15|20|26|31|06|12
2011120|20|25|26|30|31|09|10
2011121|02|03|30|31|33|03|09
2011122|03|08|23|24|34|05|12
2011123|10|14|18|19|35|01|06
2011124|08|12|14|20|25|06|08
2011125|07|10|27|34|35|10|12
2011126|07|17|29|30|33|10|12
2011127|01|11|22|26|29|05|08
2011128|03|04|06|11|13|01|02
2011129|01|07|13|18|23|04|08
2011130|08|09|13|23|35|11|12
2011131|03|05|12|18|33|07|11
2011132|12|14|16|19|33|02|09
2011133|04|11|23|26|35|03|12
2011134|01|10|12|14|17|09|10
2011135|06|22|29|33|35|03|12
2011136|08|09|11|19|33|03|12
2011137|02|15|18|23|31|01|02
2011138|17|23|26|30|32|06|12
2011139|04|06|10|15|16|03|04
2011140|01|12|32|33|34|09|11
2011141|02|11|19|22|35|10|12
2011142|04|26|30|33|34|04|06
2011143|08|09|12|25|33|07|10
2011144|07|18|24|28|33|02|03
2011145|07|15|19|24|29|04|06
2011146|09|13|19|29|34|02|11
2011147|01|15|16|27|28|02|07
2011148|07|10|11|26|31|03|04
2011149|02|07|12|29|31|03|05
2011150|13|22|30|33|34|06|12
2011151|07|11|14|20|27|03|10
2011152|01|04|06|21|35|02|11
2011153|06|22|29|30|35|03|05
2011154|04|12|16|20|28|08|11
2012001|07|27|28|32|33|01|12
2012002|03|11|14|26|29|07|08
2012003|16|22|24|33|34|03|10
2012004|10|11|22|31|32|06|07
2012005|01|02|29|31|33|07|12
2012006|03|20|22|25|27|01|09
2012007|04|05|13|17|25|07|10
2012008|06|08|30|31|32|01|11
2012009|06|14|20|29|35|09|10
2012010|25|26|29|32|34|05|07
2012011|05|19|22|29|30|02|04
2012012|06|18|22|30|35|02|07
2012013|07|08|11|12|24|01|02
2012014|10|14|24|30|32|01|12
2012015|12|13|24|26|33|06|08
2012016|05|14|20|29|31|08|12
2012017|06|11|22|29|34|03|12
2012018|03|10|14|29|31|04|08
2012019|07|09|17|30|34|01|12
2012020|12|14|27|29|34|03|06
2012021|10|15|21|31|34|07|08
2012022|07|12|20|33|35|01|10
2012023|07|09|17|29|35|09|10
2012024|03|11|17|21|30|03|07
2012025|01|02|05|12|27|04|07
2012026|10|11|22|23|29|02|09
2012027|03|10|11|22|31|05|07
2012028|10|12|15|33|34|03|10
2012029|04|07|08|18|29|07|10
2012030|03|21|22|26|32|01|03
2012031|19|21|23|25|30|03|08
2012032|07|08|16|26|34|07|11
2012033|08|13|19|27|32|01|08
2012034|01|08|15|16|29|08|09
2012035|01|04|30|32|35|08|12
2012036|01|09|20|30|31|08|12
2012037|09|13|27|31|35|03|10
2012038|11|23|25|31|35|01|03
2012039|15|21|22|24|35|01|05
2012040|02|13|23|28|29|01|05
2012041|01|02|13|22|23|02|10
2012042|07|24|27|28|35|07|12
2012043|01|06|25|31|34|03|09
2012044|03|04|14|32|35|01|02
2012045|05|11|17|20|28|11|12
2012046|04|08|19|23|27|04|11
2012047|05|07|17|30|34|03|10
2012048|06|09|26|30|35|05|06
2012049|09|18|22|27|31|10|12
2012050|13|17|22|28|29|01|10
2012051|01|02|17|18|33|05|12
2012052|10|20|26|31|33|10|12
2012053|11|12|26|28|31|07|12
2012054|01|16|18|27|30|10|11
2012055|07|22|26|32|33|01|08
2012056|11|21|23|26|34|07|09
2012057|01|02|14|33|34|03|05
2012058|13|21|29|31|35|04|12
2012059|09|13|19|21|27|03|04
2012060|02|16|21|24|30|06|10
2012061|05|10|14|27|33|07|09
2012062|21|32|33|34|35|08|09
2012063|11|25|26|29|35|01|02
2012064|09|12|13|15|30|09|10
2012065|10|22|28|29|34|05|11
2012066|01|20|25|29|33|04|06
2012067|20|22|27|30|33|01|02
2012068|01|21|31|32|35|03|06
2012069|02|04|22|25|34|02|11
2012070|09|22|23|32|34|06|08
2012071|13|23|29|31|34|06|08
2012072|04|08|17|22|25|04|10
2012073|18|23|29|33|34|02|07
2012074|10|22|23|30|32|01|07
2012075|07|09|10|18|22|05|10
2012076|02|14|16|22|24|02|05
2012077|10|30|32|33|34|02|03
2012078|01|02|23|25|35|05|12
2012079|01|05|25|32|33|01|10
2012080|11|12|14|25|28|02|05
2012081|10|16|17|30|35|01|08
2012082|02|04|09|10|15|08|10
2012083|16|19|28|29|31|05|08
2012084|21|24|27|29|31|01|02
2012085|07|18|29|31|33|10|12
2012086|03|20|25|29|32|05|10
2012087|01|06|07|21|31|04|11
2012088|13|17|24|30|35|02|10
2012089|06|12|21|29|32|06|11
2012090|02|21|27|29|33|02|10
2012091|03|10|28|31|33|01|09
2012092|08|09|23|25|31|02|12
2012093|02|16|21|31|33|04|11
2012094|02|14|23|32|35|01|10
2012095|06|09|22|27|30|08|12
2012096|05|10|19|24|35|08|09
2012097|09|17|24|29|32|01|02
2012098|02|11|28|29|30|06|12
2012099|12|18|24|25|32|02|12
2012100|07|09|13|19|27|01|03
2012101|02|05|08|09|31|03|07
2012102|02|04|06|13|35|04|08
2012103|02|09|18|23|24|01|04
2012104|16|18|24|25|27|04|09
2012105|05|06|14|15|31|06|08
2012106|15|23|25|29|31|09|10
2012107|04|07|09|22|33|01|03
2012108|06|07|12|24|35|02|06
2012109|01|22|30|32|35|09|11
2012110|01|11|17|19|26|05|12
2012111|01|24|25|30|33|04|11
2012112|01|02|28|31|35|05|07
2012113|03|10|22|27|29|03|12
2012114|03|06|21|33|35|01|07
2012115|01|06|13|19|23|06|09
2012116|01|11|18|20|22|07|10
2012117|01|12|18|21|33|07|08
2012118|05|17|25|30|33|01|12
2012119|05|06|09|19|32|06|09
2012120|02|10|21|23|29|03|04
2012121|07|18|20|29|30|05|06
2012122|23|24|25|29|31|03|12
2012123|05|08|18|30|33|01|09
2012124|07|11|19|20|35|05|10
2012125|06|14|17|22|35|01|02
2012126|13|14|21|28|29|05|10
2012127|12|13|14|25|35|10|12
2012128|09|10|19|30|31|04|11
2012129|01|07|21|28|31|03|09
2012130|14|19|23|29|30|06|07
2012131|02|16|18|27|30|08|12
2012132|05|08|21|25|33|01|11
2012133|05|07|13|29|30|01|05
2012134|01|06|18|32|35|02|07
2012135|03|05|17|18|33|06|07
2012136|02|23|29|30|31|01|04
2012137|03|12|20|21|27|01|06
2012138|13|17|27|31|33|06|12
2012139|09|10|12|22|25|04|11
2012140|07|17|27|28|29|09|10
2012141|03|11|19|23|34|02|12
2012142|15|19|29|34|35|07|10
2012143|09|27|29|30|31|03|06
2012144|11|13|14|21|29|01|10
2012145|05|22|31|33|35|06|09
2012146|01|10|13|17|26|06|08
2012147|02|03|17|19|33|02|09
2012148|04|16|27|29|34|06|11
2012149|02|10|23|33|34|05|10
2012150|02|14|18|24|31|02|03
2012151|03|19|20|24|33|03|04
2012152|04|17|26|33|34|02|08
2012153|08|09|10|13|22|05|10
2012154|03|26|27|31|32|03|09
2013001|06|09|11|31|32|05|11
2013002|04|20|27|31|32|06|12
2013003|01|16|18|21|31|09|12
2013004|07|08|12|20|25|03|07
2013005|18|22|26|28|31|10|12
2013006|08|20|25|31|32|05|07
2013007|14|29|32|33|34|03|06
2013008|02|07|25|29|34|03|06
2013009|10|17|19|27|29|05|12
2013010|09|15|17|18|29|09|11
2013011|01|02|08|15|23|06|09
2013012|01|14|31|32|34|02|11
2013013|13|15|29|30|35|01|11
2013014|05|08|25|29|31|02|04
2013015|14|15|26|32|33|01|11
2013016|05|15|19|27|32|08|09
2013017|11|14|22|29|34|05|11
2013018|20|23|31|33|34|03|09
2013019|06|12|17|29|30|07|11
2013020|06|11|20|31|32|05|09
2013021|23|24|28|30|33|01|11
2013022|03|04|13|17|23|03|08
2013023|05|19|24|26|35|05|07
2013024|09|12|14|18|24|01|04
2013025|03|23|25|26|28|10|12
2013026|02|10|16|30|33|05|06
2013027|03|12|14|24|35|03|08
2013028|13|19|28|30|34|08|12
2013029|05|07|17|25|26|04|10
2013030|03|05|09|10|28|05|07
2013031|12|17|18|26|32|10|11
2013032|12|27|28|33|35|01|08
2013033|12|18|22|28|31|01|11
2013034|01|03|11|19|29|04|08
2013035|05|14|28|32|34|07|08
2013036|08|12|32|33|35|03|05
2013037|02|26|31|32|34|06|08
2013038|01|19|24|25|26|07|09
2013039|06|23|30|33|35|07|10
2013040|16|17|22|26|35|03|10
2013041|03|13|14|15|34|05|08
2013042|02|06|22|23|33|01|06
2013043|07|13|25|34|35|07|09
2013044|07|11|13|18|28|05|10
2013045|08|11|12|21|25|02|07
2013046|15|16|19|25|32|05|11
2013047|12|20|28|30|35|03|11
2013048|10|11|23|32|33|01|04
2013049|18|22|25|31|32|04|06
2013050|14|22|30|32|33|07|08
2013051|05|08|15|18|33|07|08
2013052|01|02|10|29|31|01|10
2013053|13|31|33|34|35|05|07
2013054|05|08|21|30|32|01|08
2013055|04|05|22|23|24|03|09
2013056|11|22|30|32|35|03|04
2013057|07|15|27|33|35|07|10
2013058|20|21|27|31|35|07|11
2013059|03|08|11|24|27|07|12
2013060|15|25|26|32|35|05|10
2013061|01|14|18|21|32|05|10
2013062|01|05|08|09|12|09|12
2013063|03|05|11|27|28|05|06
2013064|21|24|26|28|32|01|03
2013065|09|28|31|34|35|02|09
2013066|06|07|13|33|34|02|11
2013067|02|03|05|08|29|10|12
2013068|10|17|27|34|35|05|07
2013069|06|12|13|16|30|07|12
2013070|09|12|18|21|29|01|08
2013071|13|19|26|27|28|03|11
2013072|12|27|28|33|35|03|05
2013073|03|05|23|27|31|02|06
2013074|06|14|20|24|32|01|07
2013075|01|11|13|19|35|07|08
2013076|13|15|16|26|27|09|10
2013077|24|26|30|32|35|06|12
2013078|02|07|23|31|33|02|08
2013079|09|10|17|21|34|01|07
2013080|06|21|23|27|31|04|06
2013081|07|09|15|17|23|02|07
2013082|03|09|25|26|33|03|12
2013083|26|29|30|32|35|04|10
2013084|08|22|26|29|35|01|05
2013085|08|19|23|27|32|03|05
2013086|09|16|26|29|31|06|09
2013087|09|12|22|32|34|02|04
2013088|03|05|08|33|35|01|03
2013089|06|07|23|24|29|04|11
2013090|02|26|30|31|33|11|12
2013091|04|09|28|34|35|02|08
2013092|07|10|21|27|33|03|09
2013093|01|05|17|18|26|05|07
2013094|03|28|33|34|35|06|09
2013095|03|17|28|30|33|01|10
2013096|17|19|20|22|26|06|08
2013097|07|08|13|17|32|03|08
2013098|02|06|16|29|34|10|11
2013099|04|11|28|30|33|05|12
2013100|09|12|24|26|30|05|09
2013101|04|09|13|15|32|02|09
2013102|06|12|15|19|26|02|11
2013103|05|08|13|16|31|03|09
2013104|02|05|11|27|29|01|11
2013105|07|13|27|30|34|01|12
2013106|06|07|12|13|27|03|12
2013107|07|13|14|18|25|05|12
2013108|05|10|13|15|18|02|11
2013109|13|20|26|29|32|02|06
2013110|07|16|18|32|33|02|07
2013111|07|12|13|20|27|01|03
2013112|02|10|20|22|29|05|12
2013113|19|21|23|28|30|08|12
2013114|06|17|21|23|33|01|09
2013115|05|16|29|32|34|04|11
2013116|13|22|23|30|33|09|11
2013117|05|16|23|25|33|07|12
2013118|04|06|11|20|31|01|05
2013119|01|02|16|23|35|01|11
2013120|06|14|15|22|26|03|11
2013121|03|18|19|20|24|03|12
2013122|15|17|20|24|35|04|12
2013123|02|09|10|33|34|05|12
2013124|05|07|18|21|32|10|11
2013125|04|08|14|23|28|04|08
2013126|09|10|15|18|30|03|06
2013127|03|14|16|19|32|05|10
2013128|11|13|27|33|35|01|02
2013129|11|23|29|30|33|01|04
2013130|08|09|15|19|30|06|09
2013131|12|15|29|30|31|04|12
2013132|23|26|28|31|34|02|10
2013133|02|08|10|16|17|09|12
2013134|02|13|19|23|32|02|09
2013135|04|13|19|25|26|07|12
2013136|05|11|15|25|28|05|11
2013137|04|12|32|33|34|06|08
2013138|03|08|13|17|24|07|09
2013139|05|06|18|20|31|06|07
2013140|01|12|17|26|28|01|06
2013141|05|15|18|25|31|08|10
2013142|06|11|25|28|29|04|12
2013143|03|08|14|21|31|06|08
2013144|03|20|21|23|35|02|08
2013145|02|13|15|18|20|02|11
2013146|06|07|15|25|31|01|09
2013147|03|09|22|24|25|05|09
2013148|02|05|09|29|32|03|07
2013149|06|07|08|09|13|05|07
2013150|06|07|14|18|22|08|11
2013151|02|13|21|27|30|03|04
2013152|09|12|14|18|19|03|09
2013153|04|05|16|17|30|03|09
2014001|05|13|20|23|29|08|11
2014002|01|12|21|24|29|01|07
2014003|07|11|13|21|33|05|06
2014004|07|10|19|27|28|09|12
2014005|15|17|18|29|33|04|08
2014006|01|04|07|16|35|06|08
2014007|08|11|14|21|32|03|11
2014008|11|13|20|28|35|01|05
2014009|10|18|25|29|33|07|08
2014010|05|10|20|26|27|01|03
2014011|04|06|14|24|35|07|12
2014012|09|20|21|23|29|05|07
2014013|10|11|13|22|28|04|12
2014014|01|09|11|27|29|03|11
2014015|04|06|18|20|30|05|07
2014016|04|06|13|24|34|04|09
2014017|05|10|11|23|34|01|10
2014018|08|09|12|28|34|02|12
2014019|07|12|22|29|32|11|12
2014020|01|14|17|30|35|06|07
2014021|06|10|17|23|24|03|09
2014022|03|06|10|16|25|10|11
2014023|04|13|15|29|33|05|09
2014024|07|11|15|31|32|06|11
2014025|19|20|27|32|34|06|08
2014026|05|10|12|15|26|04|08
2014027|09|10|24|28|29|10|12
2014028|03|10|20|25|30|10|12
2014029|03|21|22|23|35|05|09
2014030|03|14|18|29|35|11|12
2014031|06|15|27|32|33|03|04
2014032|02|05|06|09|31|02|09
2014033|01|07|08|28|29|04|08
2014034|03|11|14|27|32|05|07
2014035|09|12|14|28|29|03|10
2014036|01|02|12|17|29|03|08
2014037|03|04|08|19|34|02|04
2014038|07|08|12|20|32|03|05
2014039|02|05|11|15|20|08|11
2014040|12|15|21|30|33|02|08
2014041|05|07|11|15|18|05|12
2014042|16|21|25|27|35|06|11
2014043|01|11|23|29|30|01|12
2014044|22|23|25|27|35|03|11
2014045|06|10|12|16|30|02|11
2014046|03|15|18|21|26|01|06
2014047|06|17|18|30|34|06|12
2014048|01|02|05|15|35|01|11
2014049|03|15|17|22|31|03|05
2014050|10|18|27|28|35|01|06
2014051|01|07|11|29|30|03|11
2014052|14|19|21|24|30|02|07
2014053|02|11|17|27|30|03|04
2014054|02|03|20|25|34|01|12
2014055|04|23|26|27|35|10|11
2014056|12|18|28|29|35|07|08
2014057|08|10|20|27|33|01|09
2014058|09|15|22|24|26|02|07
2014059|07|15|17|25|29|04|11
2014060|12|22|29|30|34|05|11
2014061|04|11|17|20|29|06|10
2014062|04|07|17|24|25|02|04
2014063|11|17|21|23|34|03|04
2014064|08|15|33|34|35|01|08
2014065|07|12|19|31|33|07|12
2014066|08|14|16|20|31|03|11
2014067|03|18|23|24|31|03|07
2014068|05|15|24|29|35|05|06
2014069|16|22|27|29|31|02|09
2014070|01|02|07|10|32|04|12
2014071|04|14|15|22|23|01|07
2014072|17|19|22|24|30|02|09
2014073|04|05|07|13|35|05|06
2014074|06|11|22|27|30|05|11
2014075|05|07|29|32|35|04|10
2014076|05|10|19|31|32|09|10
2014077|09|16|26|31|32|01|05
2014078|10|15|16|22|28|04|05
2014079|09|10|20|31|32|06|10
2014080|17|20|23|25|27|03|10
2014081|03|05|08|10|25|09|12
2014082|01|08|18|23|25|08|12
2014083|18|20|24|33|35|05|10
2014084|02|07|09|11|28|05|09
2014085|06|12|13|25|29|11|12
2014086|06|08|27|29|35|03|09
2014087|04|07|31|33|35|09|10
2014088|07|13|20|25|26|08|11
2014089|02|08|12|29|30|07|12
2014090|02|03|20|23|28|06|08
2014091|10|16|18|29|32|02|07
2014092|02|18|27|30|32|05|11
2014093|03|08|30|32|34|09|11
2014094|13|14|24|25|34|04|07
2014095|06|22|30|31|34|05|06
2014096|03|07|21|23|31|05|10
2014097|03|15|20|21|23|07|09
2014098|16|18|22|25|35|03|10
2014099|15|21|22|23|33|01|07
2014100|02|04|08|12|35|01|07
2014101|09|10|12|17|28|03|11
2014102|01|07|14|19|20|03|12
2014103|14|20|23|25|26|10|12
2014104|07|13|14|28|32|04|11
2014105|04|10|26|29|32|04|08
2014106|05|09|11|20|22|05|11
2014107|05|13|14|21|34|08|10
2014108|01|02|13|23|35|09|12
2014109|15|18|20|21|23|01|02
2014110|09|18|19|22|24|08|11
2014111|11|16|18|20|29|03|04
2014112|03|05|14|18|32|02|10
2014113|02|13|17|19|23|01|06
2014114|03|16|24|30|33|05|08
2014115|01|05|26|29|30|02|10
2014116|06|13|15|24|27|04|05
2014117|03|14|17|18|33|06|09
2014118|02|03|23|24|26|05|11
2014119|04|08|09|13|18|08|12
2014120|01|04|06|18|33|05|11
